====================================================================================================
德州扑克日志分析系统 - 统计分析
====================================================================================================

正在加载数据...
✓ 加载了 791 手牌, 9 位玩家

正在计算统计指标...
检测到多日数据 (5 天)
✓ 计算完成


========================================================================================================================
多日统计汇总
========================================================================================================================

【总体统计】
========================================================================================================================
玩家            手牌   VPIP    PFR     AF  3-Bet  C-Bet  Steal   Fold     胜率         盈亏
------------------------------------------------------------------------------------------------------------------------
vzzz           488    32.4    20.1     1.3    6.7   36.8   29.1    85.9    10.7      +1453.0
摩托车            292    40.8     4.8     0.4    2.0   77.8    4.5    86.6    11.3       +898.0
gf             389    89.2    18.8     0.5    7.4   52.3   14.3    56.3    29.8       +852.0
xx             646    74.0    14.2     0.5    8.1   50.6   27.3    74.9    18.1       +509.0
jx             278    34.5    14.4     1.0    7.1   69.0    7.5    83.8    12.2        +77.0
nicky          123    52.8     8.9     0.3    0.0   30.0    9.1    83.7    11.4       -245.0
黄笃读            677    72.5     5.6     0.4    0.8   48.6   10.5    66.9    21.4       -343.0
ldl            668    54.0    27.8     1.1   20.8   66.5   44.6    73.2    19.5       -554.0
yx             739    75.9    24.4     0.7    8.1   49.7   21.7    65.9    23.3      -2647.0
========================================================================================================================

【20251012 单日统计】
========================================================================================================================
玩家            手牌   VPIP    PFR     AF  3-Bet  C-Bet  Steal   Fold     胜率         盈亏
------------------------------------------------------------------------------------------------------------------------
yx             164    75.6    22.6     0.7    5.3   44.1   23.3    65.2    25.6      +1420.0
ldl            160    56.2    27.5     1.1   23.3   69.2   28.6    70.0    20.6       +400.0
jx             124    25.8    13.7     1.2    7.4   53.8    5.0    87.1     9.7       +227.0
摩托车             97    33.0     6.2     0.2    0.0   33.3    6.7    89.7     8.2       +142.0
xx             132    60.6    11.4     0.5    5.3   63.6   27.3    80.3    12.9       -200.0
vzzz            48    18.8    14.6     2.2    0.0   14.3   16.7    93.8     4.2       -400.0
黄笃读            137    73.0     5.1     0.4    3.7   57.1    0.0    68.6    22.6       -659.0
gf              96    87.5    15.6     0.5    0.0   71.4   14.3    55.2    27.1      -1300.0
========================================================================================================================

【20251021 单日统计】
========================================================================================================================
玩家            手牌   VPIP    PFR     AF  3-Bet  C-Bet  Steal   Fold     胜率         盈亏
------------------------------------------------------------------------------------------------------------------------
xx             172    72.7    13.4     0.4    0.0   52.6    0.0    79.1    15.1      +1062.0
vzzz            89    36.0    14.6     0.9    9.5   46.2   23.1    85.4    10.1         +6.0
摩托车            116    44.0     2.6     0.4    0.0  100.0    0.0    83.6    13.8       -159.0
gf             125    88.8    18.4     0.5    8.0   50.0    0.0    59.2    28.0       -200.0
jx              65    44.6    16.9     0.9   14.3   77.8    0.0    87.7    10.8       -288.0
ldl            170    50.0    26.5     1.2   14.3   59.5    0.0    78.8    14.1       -894.0
黄笃读            170    63.5     4.7     0.2    0.0   50.0    0.0    74.1    12.4      -1978.0
yx             167    80.8    30.5     0.7    8.7   41.3    0.0    64.7    22.8      -2707.0
========================================================================================================================

【20251022 单日统计】
========================================================================================================================
玩家            手牌   VPIP    PFR     AF  3-Bet  C-Bet  Steal   Fold     胜率         盈亏
------------------------------------------------------------------------------------------------------------------------
vzzz           108    30.6    15.7     1.0   12.5   40.0   44.4    88.0    10.2      +1782.0
gf             141    92.9    22.7     0.6   12.5   41.4    0.0    52.5    35.5       +546.0
摩托车             79    45.6     6.3     0.4   10.0  100.0    8.3    87.3    11.4       +336.0
xx             180    78.3    14.4     0.5   20.0   56.0    0.0    76.1    17.8       -549.0
ldl            149    56.4    31.5     1.3   13.3   72.3   54.8    73.2    19.5       -584.0
黄笃读            109    68.8     0.0     0.3    0.0    0.0    0.0    68.8    19.3       -957.0
yx             183    76.0    20.2     0.6   11.8   55.6   20.5    67.8    22.4      -2200.0
========================================================================================================================

【20251024 单日统计】
========================================================================================================================
玩家            手牌   VPIP    PFR     AF  3-Bet  C-Bet  Steal   Fold     胜率         盈亏
------------------------------------------------------------------------------------------------------------------------
yx              50    78.0    22.0     0.6   14.3   70.0    0.0    70.0    22.0       +480.0
vzzz            86    39.5    30.2     1.5    0.0   30.0   30.0    79.1    19.8       +465.0
ldl             67    58.2    29.9     1.4   33.3   72.2   53.3    70.1    25.4        +78.0
黄笃读             87    81.6     9.2     0.6    0.0   25.0   10.5    62.1    29.9       -300.0
jx              89    39.3    13.5     0.8    0.0   85.7   10.0    76.4    16.9       -323.0
gf              27    77.8    11.1     0.5    0.0  100.0    0.0    66.7    18.5       -400.0
========================================================================================================================

【20251025 单日统计】
========================================================================================================================
玩家            手牌   VPIP    PFR     AF  3-Bet  C-Bet  Steal   Fold     胜率         盈亏
------------------------------------------------------------------------------------------------------------------------
黄笃读            174    78.7     8.6     0.6    0.0   58.3    0.0    59.8    26.4       +684.0
ldl            122    51.6    24.6     0.9   30.0   59.3    0.0    71.3    22.1       +198.0
xx             162    81.5    17.3     0.5    8.3   37.5    0.0    64.8    25.9       +196.0
nicky          123    52.8     8.9     0.3    0.0   30.0    9.1    83.7    11.4       -245.0
vzzz           157    31.8    22.3     1.8    5.6   40.6   24.1    86.0     8.3       -400.0
yx             175    70.9    25.1     0.7    5.0   53.8    0.0    64.6    22.9       -433.0
========================================================================================================================
