====================================================================================================
德州扑克日志分析系统 - 统计分析
====================================================================================================

正在加载数据...
✓ 加载了 456 手牌, 10 位玩家

正在计算统计指标...
检测到多日数据 (4 天)
✓ 计算完成


========================================================================================================================
多日统计汇总
========================================================================================================================

【总体统计】
========================================================================================================================
玩家            手牌   VPIP    PFR     AF  3-Bet  C-Bet  Steal   Fold     胜率         盈亏
------------------------------------------------------------------------------------------------------------------------
lyx            410    52.4    19.3     0.7    9.4   55.6   10.5    72.2    21.0       +943.0
摩托车             98    36.7    10.2     0.7    6.7   50.0    7.1    82.7    15.3       +553.0
xx             408    67.2    14.7     0.6   10.3   62.0   17.9    72.3    21.3       +432.0
单吊幺鸡           119    58.8     0.8     0.2    0.0    0.0    0.0    76.5    14.3       +220.0
ldl            238    40.8    21.8     1.2   12.9   60.0   33.3    81.1    14.7        -31.0
jx              89    33.7    12.4     0.9    7.1   75.0   13.3    80.9    15.7        -36.0
nicky          125    44.8     7.2     0.3    6.7   33.3    8.7    81.6    12.8       -116.0
gf             196    80.1    18.9     0.5    3.7   39.4   20.0    51.0    31.6       -425.0
黄笃读            403    56.1     8.7     0.5    1.9   25.0    2.6    69.5    19.1       -602.0
vzzz           386    32.4    20.7     1.7   15.8   40.6   37.5    81.6    14.8       -950.0
========================================================================================================================

【20251028 单日统计】
========================================================================================================================
玩家            手牌   VPIP    PFR     AF  3-Bet  C-Bet  Steal   Fold     胜率         盈亏
------------------------------------------------------------------------------------------------------------------------
摩托车             60    45.0    10.0     0.7    0.0   66.7   11.1    78.3    20.0       +593.0
lyx            156    52.6    20.5     0.6   10.0   57.1    6.9    73.1    18.6       +401.0
黄笃读            156    58.3    10.3     0.6    3.4   27.3    3.4    72.4    19.2        +74.0
ldl            111    39.6    20.7     0.9    9.1   46.7   33.3    82.0    14.4        +44.0
xx             155    67.1    14.8     0.6   16.7   61.1   21.4    72.3    18.7        -52.0
gf              94    79.8    21.3     0.6    5.3   33.3   20.0    57.4    25.5        -89.0
vzzz           139    36.7    25.9     2.0   30.0   41.9   37.5    79.1    15.8      -1159.0
========================================================================================================================

【20251030 单日统计】
========================================================================================================================
玩家            手牌   VPIP    PFR     AF  3-Bet  C-Bet  Steal   Fold     胜率         盈亏
------------------------------------------------------------------------------------------------------------------------
lyx            106    56.6    17.9     0.6    8.3   42.1    0.0    73.6    19.8       +506.0
单吊幺鸡            74    60.8     1.4     0.3    0.0    0.0    0.0    75.7    16.2       +269.0
xx             105    71.4    20.0     0.7    6.7   56.2    0.0    72.4    21.9       +187.0
vzzz            94    30.9    19.1     1.4    0.0   30.8    0.0    84.0    12.8        +11.0
摩托车             38    23.7    10.5     0.5   20.0    0.0    0.0    89.5     7.9        -40.0
黄笃读             75    58.7     8.0     0.4    0.0    0.0    0.0    74.7    12.0       -200.0
ldl             78    41.0    25.6     1.9   18.2   58.8    0.0    82.1    12.8       -324.0
gf              61    82.0    13.1     0.4    0.0   37.5    0.0    47.5    29.5       -421.0
========================================================================================================================

【20251031 单日统计】
========================================================================================================================
玩家            手牌   VPIP    PFR     AF  3-Bet  C-Bet  Steal   Fold     胜率         盈亏
------------------------------------------------------------------------------------------------------------------------
xx             148    64.2    10.8     0.5    5.3   68.8   14.3    72.3    23.6       +297.0
ldl             49    42.9    18.4     0.9   11.1   87.5    0.0    77.6    18.4        +61.0
lyx            148    49.3    18.9     1.0    9.1   64.0   14.3    70.3    24.3        +36.0
jx              89    33.7    12.4     0.9    7.1   75.0   13.3    80.9    15.7        -36.0
nicky          125    44.8     7.2     0.3    6.7   33.3    8.7    81.6    12.8       -116.0
vzzz           108    28.7    16.7     1.4    0.0   46.7    0.0    81.5    14.8       -271.0
黄笃读            133    51.1     8.3     0.5    0.0   44.4    0.0    69.2    19.5       -800.0
========================================================================================================================

【20251101 单日统计】
========================================================================================================================
玩家            手牌   VPIP    PFR     AF  3-Bet  C-Bet  Steal   Fold     胜率         盈亏
------------------------------------------------------------------------------------------------------------------------
gf              41    78.0    22.0     0.7    0.0   57.1    0.0    41.5    48.8        +85.0
vzzz            45    31.1    17.8     1.8    0.0   40.0    0.0    84.4    15.6        +45.0
单吊幺鸡            45    55.6     0.0     0.2    0.0    0.0    0.0    77.8    11.1        -49.0
黄笃读             39    59.0     5.1     0.8    0.0    0.0    0.0    48.7    30.8        -81.0
========================================================================================================================
